3.071190088662728579e-01 3.071863782865598136e-01 7.565522612067558939e-01 2.844644533125215147e-01 3.325138577915518479e-01
3.150330558404437209e-01 3.151004243672312910e-01 7.644575139688797316e-01 2.921651184793009337e-01 3.151076469920057188e-01
3.150710495278928880e-01 3.151384162966052171e-01 7.644782052344832879e-01 2.922030914253544998e-01 3.154546170749434886e-01
3.150922703406191516e-01 3.151596361273845126e-01 7.644897620351499556e-01 2.922243006532806442e-01 3.156007397844817763e-01
3.151077464621842017e-01 3.151751115328257358e-01 7.644981902916133665e-01 2.922397683261697132e-01 3.156318998104954976e-01
3.151120745182617866e-01 3.151794393886319101e-01 7.645005473399512086e-01 2.922440940194883652e-01 3.155325101038356506e-01
3.151027175158624960e-01 3.151700828192075532e-01 7.644954515402303530e-01 2.922347421252347033e-01 3.153284477503401351e-01
3.150983584464568388e-01 3.151657239515083253e-01 7.644930776021129359e-01 2.922303854355186026e-01 3.151920416395221913e-01
3.150690614760018882e-01 3.151364283367069641e-01 7.644771225464771502e-01 2.922011044587745632e-01 3.149416055997873998e-01
3.150547794514462208e-01 3.151221469730209335e-01 7.644693445922093877e-01 2.921868302310173249e-01 3.148596790592874672e-01
3.150418387227550410e-01 3.151092068431338711e-01 7.644622971042600579e-01 2.921738965668885246e-01 3.148358649353436567e-01
3.150487118342933934e-01 3.151160796366339056e-01 7.644660401833321961e-01 2.921807659262791734e-01 3.149684842206035285e-01
3.150502966964648932e-01 3.151176644254694015e-01 7.644669032952419174e-01 2.921823499232476529e-01 3.150718337241792399e-01
3.150528655082622809e-01 3.151202331184006500e-01 7.644683022636168390e-01 2.921849173326873661e-01 3.151652900337070795e-01
3.150536719039858102e-01 3.151210394768098610e-01 7.644687414246779111e-01 2.921857232881857613e-01 3.152242676296942436e-01
3.150528283808501362e-01 3.151201959927063534e-01 7.644682820441225379e-01 2.921848802255435640e-01 3.152560764729313014e-01
3.150507301907163882e-01 3.151180978996618309e-01 7.644671393751093502e-01 2.921827831808473386e-01 3.152702765431457665e-01
3.150481943928370443e-01 3.151155622191210703e-01 7.644657583860303696e-01 2.921802487673028637e-01 3.152765543402383797e-01
3.150823555778927698e-01 3.151497218234422526e-01 7.644843624805727211e-01 2.922143913031907125e-01 3.155178175357994386e-01
3.150800922335754706e-01 3.151474585838562881e-01 7.644831298690111243e-01 2.922121291944713706e-01 3.155097584726604953e-01
3.150784033907997328e-01 3.151457698192280388e-01 7.644822101295284389e-01 2.922104412736633572e-01 3.155041470996707842e-01
3.150902865988999269e-01 3.151576524774585830e-01 7.644886816944523877e-01 2.922223179945195870e-01 3.155888155846816590e-01
3.150891595111280918e-01 3.151565254418403628e-01 7.644880678853168687e-01 2.922211915220440104e-01 3.155859133811154127e-01
3.150886148327097791e-01 3.151559807886258335e-01 7.644877712548349136e-01 2.922206471409748429e-01 3.155863247506912606e-01
